0 0 0 0
1 0 -22.0499 0
2 0 -22.0499 -81
3 -14.4 -22 -81
4 -14.4 -22 -174
5 -16.35 10.25 -174
6 -16.35 12.8 -174
7 -16.35 12.8 -271.5
8 2.7 12.65 -271.5
9 18.55 12.65 -271.5
10 28.0999 12.65 -271.5
11 28.0999 12.65 -361.5
12 28.0999 2.7 -361.5
13 28.0999 2.7 -429
14 0.550001 2.5 -429
15 0.550001 2.5 -357
16 0.550001 1.05 -357
0 0 -0.65 0
1 0 -12.3 0
2 0 -14.1 0
3 0 -14.1 -87
4 -17.5 -13.9 -87
5 -17.5 -13.9 -180
6 -17.5 -0.4 -180
7 -17.5 13.7 -180
8 -17.5 13.7 -271.5
9 8.40001 13.85 -271.5
10 8.40001 13.85 -316.5
11 8.40001 13.85 -351
12 8.40001 2 -351
13 8.40001 2 -444
14 1.65 1.35 -444
15 1.65 1.35 -388.5
16 1.65 1.5 -355.5
17 1.65 -1.65 -355.5
18 0.300001 -1.65 -355.5
