0 0.0 0.0 0.0
1 -2.0 4.0 0.0
2 -4.0 0.0 0.0
3 -6.0 -4.0 0.0
4 -8.0 0.0 0.0
5 -10 4 0
6 -10 4 27
7 -10 4 97.5
8 -10 4 163.5
9 -4.70002 6.40001 163.5
10 -0.750019 -1.75 163.5
11 3.79998 4.4 163.5
12 5.24998 2.4 163.5
13 5.24998 2.4 216
14 5.24998 2.4 274.5
15 5.24998 2.4 357
0 0 0 0
6 0 0 0
7 0 36.5497 0
8 0 36.5497 36
9 27.6999 63.6993 36
10 27.6999 63.6993 94.5
11 71.7998 65.1494 94.5
12 71.7998 65.1494 186
13 71.7998 14.1 186
14 71.7998 14.1 268.5
15 9.05002 13.8 268.5
16 9.05002 13.8 328.5
17 2.85 23.1499 328.5
18 2.85 23.1499 1.5
